512 512
0.0001 1.00029 0 1 0 1 0 0 
0 2.2 -8 0 1 -0 0 0 1 0.01 20 0.698132 
11 1 0 3 -2 50 0 1 
7
21 Right sphere
    -1.2 1 0 1 
50 1 0.843137 0 10 0.2 0.9 0.1 0 0.7 1.6 
21 Left sphere
    1.5 1 2 1 
51 0.5 50 0.121569 0.54902 0.270588 50 0.2 0.8 0.8 0 0 1 
50 0.901961 0.901961 0.901961 50 0.2 0.8 0.8 0.8 0 1 
20 Back wall
    0 0 5 0 0 -1 
50 0.6 0.6 0.6 0 0.3 0.7 0 0 0 1 
20 Right wall
    -3.2 0 0 1 0 0 
50 0.0196078 0.615686 1 5 0.3 0.7 0 0 0 1 
20 Left wall
    3.2 0 0 -1 0 0 
50 0.839216 0.172549 0.211765 5 0.3 0.7 0 0 0 1 
20 Floor
    0 0 0 0 1 0 
50 1 1 1 5 0.3 0.7 0 0 0 1 
20 Ceiling
    0 5 0 0 -1 0 
50 1 1 1 5 0.3 0.7 0 0 0 1 
