512 512
0.0001 1 0 1 0 1 0 0 
2 1 6.5 -0.0427832 0.989361 -0.139045 -0.290957 -0.145479 -0.945611 0.01 20 0.785398 
10 1 0 -0.573462 -0.819232 
6
21 Sphere 0
    -1.875 0 0 0.5 
50 0.32549 0.988235 0.0784314 90 0.2 0.8 0.8 0 0.6 1.05 
21 Sphere 1
    -0.625 0 0 0.5 
50 0.32549 0.988235 0.0784314 90 0.2 0.8 0.8 0 0.6 1.1 
21 Sphere 2
    0.625 0 0 0.5 
50 0.32549 0.988235 0.0784314 90 0.2 0.8 0.8 0 0.6 1.25 
21 Sphere 3
    1.875 0 0 0.5 
50 0.32549 0.988235 0.0784314 90 0.2 0.8 0.8 0 0.6 1.5 
22 The Wall
    wall.fbx
    1 0 0 0 0 1 0 0 0 0 1 0 0 0 0 1 
50 0.0196078 0.615686 1 0 0.3 0.7 0 0 0.6 1.1 
20 Background
    0 0 -3 0 0 1 
51 0.5 50 0.6 0.6 0.6 5 0.2 0.8 0 0 0 1 
50 0.901961 0.901961 0.901961 5 0.2 0.8 0 0 0 1 
