2048 2048
0.0001 1.00029 0 1 0 -0.957826 0 0.287348 enviro0.jpg
15 7 -15 -0.276172 0.920575 0.276172 -0.650945 -0.390567 0.650945 0.01 100 1.0472 
10 1 1 0 0 
27
21 Sphere 0
    -5.8 -5.8 -5.8 2 
50 0.419608 0.0862745 0.105882 150 0.8 0 0.2 0.5 0 0 
21 Sphere 1
    -5.8 -5.8 0 2 
50 0.439942 0.17923 0.0964415 150 0.8 0 0.2 0.5 0 0 
21 Sphere 2
    -5.8 -5.8 5.8 2 
50 0.460276 0.272186 0.0870007 150 0.8 0 0.2 0.5 0 0 
21 Sphere 3
    -5.8 0 -5.8 2 
50 0.42854 0.330283 0.0864924 150 0.8 0 0.2 0.5 0 0 
21 Sphere 4
    -5.8 0 0 2 
50 0.275309 0.307044 0.106826 150 0.8 0 0.2 0.5 0 0 
21 Sphere 5
    -5.8 0 5.8 2 
50 0.122077 0.283805 0.12716 150 0.8 0 0.2 0.5 0 0 
21 Sphere 6
    -5.8 5.8 -5.8 2 
50 0.0472767 0.320261 0.21634 150 0.8 0 0.2 0.5 0 0 
21 Sphere 7
    -5.8 5.8 0 2 
50 0.024764 0.396514 0.351416 150 0.8 0 0.2 0.5 0 0 
21 Sphere 8
    -5.8 5.8 5.8 2 
50 0.00225128 0.472767 0.486492 150 0.8 0 0.2 0.5 0 0 
21 Sphere 9
    0 -5.8 -5.8 2 
50 0.00261438 0.358824 0.402614 150 0.8 0 0.2 0.5 0 0 
21 Sphere 10
    0 -5.8 0 2 
50 0.00551924 0.223747 0.294408 150 0.8 0 0.2 0.5 0 0 
21 Sphere 11
    0 -5.8 5.8 2 
50 0.042411 0.126144 0.216558 150 0.8 0 0.2 0.5 0 0 
21 Sphere 12
    0 0 -5.8 2 
50 0.215251 0.178431 0.260131 150 0.8 0 0.2 0.5 0 0 
21 Sphere 13
    0 0 0 2 
50 0.38809 0.230719 0.303704 150 0.8 0 0.2 0.5 0 0 
21 Sphere 14
    0 0 5.8 2 
50 0.47923 0.209296 0.265214 150 0.8 0 0.2 0.5 0 0 
21 Sphere 15
    0 5.8 -5.8 2 
50 0.488671 0.114161 0.144662 150 0.8 0 0.2 0.5 0 0 
21 Sphere 16
    0 5.8 0 2 
50 0.498112 0.0190269 0.0241104 150 0.8 0 0.2 0.5 0 0 
21 Sphere 17
    0 5.8 5.8 2 
50 0.498257 0.129557 0.0453159 150 0.8 0 0.2 0.5 0 0 
21 Sphere 18
    5.8 -5.8 -5.8 2 
50 0.496078 0.291503 0.101961 150 0.8 0 0.2 0.5 0 0 
21 Sphere 19
    5.8 -5.8 0 2 
50 0.481845 0.439361 0.148729 150 0.8 0 0.2 0.5 0 0 
21 Sphere 20
    5.8 -5.8 5.8 2 
50 0.359114 0.460421 0.106609 150 0.8 0 0.2 0.5 0 0 
21 Sphere 21
    5.8 0 -5.8 2 
50 0.236383 0.481482 0.064488 150 0.8 0 0.2 0.5 0 0 
21 Sphere 22
    5.8 0 0 2 
50 0.140087 0.466521 0.10748 150 0.8 0 0.2 0.5 0 0 
21 Sphere 23
    5.8 0 5.8 2 
50 0.0834422 0.397531 0.278141 150 0.8 0 0.2 0.5 0 0 
21 Sphere 24
    5.8 5.8 -5.8 2 
50 0.0267974 0.32854 0.448802 150 0.8 0 0.2 0.5 0 0 
21 Sphere 25
    5.8 5.8 0 2 
50 0.0824982 0.235149 0.427306 150 0.8 0 0.2 0.5 0 0 
21 Sphere 26
    5.8 5.8 5.8 2 
50 0.186347 0.1313 0.323457 150 0.8 0 0.2 0.5 0 0 
