1024 1024
0.0001 1.00029 0 1 0 2.587348 0 -0.287348 enviro4.jpg
15 7 -15 -0.276172 0.920575 0.276172 -0.650945 -0.390567 0.650945 0.01 100 1.0472 
11 -10 9 0 -9 -9 0 1 
11
20 Floor
    0 -40 0 0 1 0 
50 0 1 1 5 0.3 0.7 0 0.2 0.6 1
21 Sphere 0
    -5.8 -9 -6 3 
50 0 0 0 150 0.8 0 0.2 0.5 0 0 
21 Sphere 1
    -5.8 -9 0 3 
50 1 1 1 150 0.8 0 0.2 0.5 0 0 
21 Sphere 2
    -5.8 -9 6 3 
50 0 0 0 150 0.8 0 0.2 0.5 0 0 
21 Sphere 3
    -5.8 -4.5 -6 2 
50 0 0 0 150 0.8 0 0.2 0.5 0 0 
21 Sphere 4
    -5.8 -4.5 -0 2 
50 1 1 1 150 0.8 0 0.2 0.5 0 0 
21 Sphere 5
    -5.8 -4.5 6 2 
50 0 0 0 150 0.8 0 0.2 0.5 0 0 
21 Sphere 6
    0 -4.5 6 2 
50 1 1 1 150 0.8 0 0.2 0.5 0 0 
21 Sphere 7
    0 -9 6 3 
50 1 1 1 150 0.8 0 0.2 0.5 0 0 
21 Sphere 8
    5.8 -4.5 6 2 
50 0 0 0 150 0.8 0 0.2 0.5 0 0 
21 Sphere 9
    5.8 -9 6 3 
50 0 0 0 150 0.8 0 0.2 0.5 0 0 
