512 512
0.0001 1 0 1 0 1 0 0 
1 2 -3.5 -0.0553472 0.959351 0.276736 -0.188144 -0.282216 0.940721 0.01 20 0.698132 
11 1 -1 3 -2 50 0 1 
6
21 Sphere
    0 0.5 0 0.5 
50 1 1 1 10 0.2 0.9 0.1 0 0 1 
20 Back wall
    0 0 4 0 0 -1 
50 0 0 0 0 0.3 0.7 0 0.8 0 1 
20 Front wall
    0 0 -4 0 0 1 
50 0 0 0 0 0.3 0.7 0 0.8 0 1 
20 Right wall
    -4 0 0 1 0 0 
50 0 0 0 0 0.3 0.7 0 0.8 0 1 
20 Left wall
    4 0 0 -1 0 0 
50 0 0 0 0 0.3 0.7 0 0.8 0 1 
20 Floor
    0 0 0 0 1 0 
51 1 50 0.839216 0.172549 0.211765 5 0.2 0.8 0 0 0 1 
50 0.0196078 0.615686 1 5 0.2 0.8 0 0 0 1 
